0 228 238 241 167 240 168 239 164 241 6 228 233 237 168 238 4 228 8 234 157 
235 161 240 164 238 170 230 152 67 64 143 214 149 215 148 67 70 54 49 223 
150 214 199 204 128 205 198 14 197 209 138 210 134 201 20 200 126 203 145 64 
77 74 130 202 127 203 147 66 151 214 156 68 56 81 231 244 3 230 151 213 
137 214 144 73 49 225 50 53 84 45 103 60 57 43 67 155 207 154 230 80 
39 27 33 24 35 95 37 68 153 230 167 239 161 238 7 4 242 232 229 79 
49 143 215 197 206 155 214 139 213 210 136 133 202 129 84 234 52 146 206 156 
213 150 224 50 103 40 91 51 138 64 61 151 212 156 70 229 5 98 42 85 
52 108 87 41 105 185 104 186 103 55 69 42 101 39 36 130 72 89 240 166 
241 172 76 239 171 77 227 9 228 7 173 9 226 50 229 167 238 171 78 228 
154 232 238 172 77 34 30 27 68 60 115 56 231 8 237 161 241 170 240 163 
241 165 214 209 194 211 156 85 130 49 144 50 72 232 82 55 140 202 134 237 
172 75 238 134 75 48 222 144 213 145 221 144 79 82 236 133 39 107 185 106 
74 168 73 230 55 63 142 48 216 196 11 193 44 47 101 98 68 1 243 91 
94 49 111 66 119 51 206 128 34 21 201 140 52 29 32 92 176 94 1 95 
90 36 103 187 104 44 41 26 84 123 31 81 175 80 36 126 202 199 15 179 
13 228 61 118 71 134 240 165 215 139 216 148 214 62 56 78 9 103 74 235 
132 238 135 48 95 32 126 35 73 118 196 210 143 222 147 202 205 75 168 241 
64 128 33 93 1 90 44 192 45 114 62 152 213 149 49 132 239 166 243 161 
242 164 67 153 94 51 87 240 172 78 230 171 6 97 3 232 80 46 100 32 
128 39 192 212 155 205 45 195 17 20 197 124 53 71 37 87 27 101 8 227 
50 89 86 178 22 180 95 5 100 38 192 43 136 239 133 201 135 49 108 185 
109 40 137 215 144 223 74 95 29 72 6 238 84 55 120 60 150 222 145 220 
165 238 131 237 240 169 238 57 160 243 164 211 192 41 135 241 228 11 227 59 
69 72 226 168 229 171 79 10 72 168 218 193 210 52 37 192 214 164 66 123 
34 97 103 25 52 100 74 114 64 111 185 110 31 127 47 39 113 81 209 206 
50 222 152 231 126 230 166 242 165 217 195 207 78 73 128 74 205 79 230 71 
46 142 47 131 234 6 46 104 84 240 135 60 227 13 195 65 164 0 163 239 
170 84 35 21 16 196 206 81 28 124 33 26 102 37 76 122 29 67 145 223 
143 62 122 92 2 192 42 125 203 129 36 124 39 204 125 30 89 96 3 168 
228 243 137 240 79 175 82 85 150 67 156 237 166 238 60 100 88 172 85 46 
120 87 32 49 116 40 192 216 213 91 35 18 200 125 38 96 158 44 86 208 
198 132 137 48 165 239 131 202 139 0 95 8 232 73 135 50 74 116 31 124 
203 146 209 88 180 96 128 59 159 52 71 56 125 230 9 179 6 118 47 140 
85 1 66 199 205 76 226 59 138 56 212 152 232 106 40 71 137 241 169 239 
174 229 8 5 241 233 130 34 24 102 99 49 206 73 122 32 106 31 122 27 
74 136 242 87 102 44 234 45 132 240 136 241 162 215 142 201 18 191 43 105 
186 101 57 237 167 69 3 66 103 11 102 6 123 67 154 56 53 150 83 118 
74 156 205 73 222 146 221 165 243 111 238 76 94 64 162 63 234 58 166 56 
118 37 189 108 182 24 98 3 173 238 174 237 129 235 181 234 77 7 39 72 
231 125 28 122 10 71 231 106 33 100 80 208 216 137 85 169 237 186 100 53 
229 226 49 23 88 97 179 22 197 117 5 168 230 106 38 117 196 214 145 212 
189 216 138 215 141 67 147 216 194 46 90 175 84 103 35 41 132 44 135 237 
165 244 161 0 90 211 89 172 239 81 52 228 72 24 27 128 31 126 8 236 
61 67 151 51 103 6 143 54 139 62 133 237 127 204 146 80 242 3 116 29 
111 32 35 121 80 35 124 26 115 76 45 127 230 174 234 79 41 94 5 238 
130 35 116 243 163 1 164 227 61 149 216 145 224 144 74 110 236 128 203 140 
91 175 83 144 225 69 41 101 46 196 14 21 200 50 30 122 25 56 67 199 
14 187 15 198 195 208 79 61 135 239 160 0 88 39 95 182 107 37 127 28 
100 176 81 154 205 72 54 152 210 195 10 228 15 128 207 156 235 131 13 193 
215 140 59 135 71 133 241 8 120 78 205 80 54 210 56 161 43 49 148 58 
141 60 25 113 89 118 31 112 49 70 137 50 228 171 237 132 236 172 223 170 
86 122 227 73 130 47 161 46 232 14 103 32 155 31 125 29 127 74 122 75 
110 36 119 227 49 150 30 126 33 28 126 9 73 229 65 199 50 108 32 124 
89 173 78 209 89 213 190 42 92 243 135 64 142 54 69 213 155 215 154 235 
8 119 197 19 34 122 26 125 74 206 152 233 8 238 128 237 170 75 100 90 
173 81 205 138 212 157 233 106 39 75 202 46 112 33 25 179 11 170 15 231 
171 7 167 242 163 211 85 237 154 97 94 43 114 2 40 191 218 189 104 228 
64 2 100 77 139 55 134 239 137 129 12 21 197 210 194 66 221 194 214 56 
130 44 124 30 151 231 154 95 184 94 178 85 78 240 131 210 53 138 73 70 
158 45 4 241 114 31 121 36 96 136 71 226 56 18 36 79 130 17 186 118 
59 160 54 6 71 199 210 144 209 212 68 149 51 210 50 223 146 63 101 224 
68 126 72 243 85 100 65 196 115 4 1 165 2 163 90 241 132 234 130 64 
232 9 119 31 109 236 134 42 191 216 140 64 164 86 169 242 137 217 189 219 
208 81 98 33 21 196 28 120 197 50 219 32 152 229 9 128 65 54 169 53 
107 76 234 36 21 175 89 145 204 207 88 213 94 182 106 34 126 204 201 121 
27 127 209 215 80 234 237 84 114 38 198 19 138 90 109 32 121 54 128 30 
137 28 50 164 57 61 142 211 161 42 34 113 60 138 43 193 211 136 72 3 
67 224 178 90 209 139 210 55 141 51 207 77 148 202 128 81 124 27 126 129 
238 17 176 84 214 57 166 213 92 55 106 49 34 89 164 229 11 121 39 200 
16 179 104 9 231 163 244 236 186 102 49 199 115 92 147 47 165 218 209 54 
155 223 154 216 167 95 219 216 83 25 126 26 133 235 127 36 75 46 72 132 
97 219 170 242 168 60 160 61 146 67 142 221 143 5 73 125 13 226 154 233 
83 105 189 109 41 190 211 82 39 89 0 113 32 118 188 103 23 192 220 163 
222 171 236 129 239 128 233 76 231 16 130 28 123 30 153 227 15 134 131 74 
112 35 19 85 203 215 79 174 10 99 32 80 237 7 52 101 40 46 165 236 
131 73 112 238 243 100 92 120 29 123 25 127 86 156 51 134 137 200 74 147 
204 138 203 208 82 231 123 79 110 242 160 48 117 55 125 27 53 70 26 127 
137 89 84 209 80 207 83 54 171 2 52 207 123 36 69 202 74 42 106 41 
230 8 196 125 82 172 244 162 0 103 70 139 212 135 21 136 238 133 243 115 
192 65 233 153 77 232 243 117 36 132 43 33 122 205 197 51 116 181 96 99 
244 81 43 140 68 143 224 170 235 130 240 133 78 243 36 101 58 160 1 159 
43 110 46 49 75 118 90 244 164 237 176 22 177 8 121 88 45 24 109 38 
189 221 187 218 50 63 153 210 65 238 186 121 14 171 235 172 79 76 201 119 
7 74 204 79 24 93 218 196 22 11 128 28 151 233 45 66 7 170 85 127 
30 120 14 134 72 32 156 36 109 81 103 178 87 238 39 117 31 129 234 128 
16 13 230 81 174 64 195 44 122 35 14 57 216 55 62 138 202 124 17 132 
20 193 216 135 214 152 89 92 95 177 84 142 36 120 24 125 25 124 51 73 
228 55 118 29 183 18 186 107 77 44 114 190 218 192 195 12 167 8 240 182 
90 129 11 231 180 104 176 3 191 231 4 56 59 149 66 117 224 169 87 221 
159 243 134 241 173 115 31 111 48 223 117 4 121 12 122 41 98 91 119 14 
33 22 189 21 10 165 0 159 53 152 211 60 163 229 62 128 235 67 116 86 
100 151 29 128 72 13 70 136 237 153 218 146 39 108 231 170 12 131 41 117 
30 121 81 158 46 149 67 136 48 164 215 196 47 164 62 213 50 155 88 137 
80 233 131 28 152 228 153 76 112 57 119 6 124 29 201 67 127 38 20 134 
25 178 84 43 123 27 195 216 190 105 188 40 37 122 51 101 77 173 230 72 
197 207 194 116 186 99 176 219 212 86 244 160 208 159 2 121 226 68 193 45 
101 49 67 225 76 129 240 162 1 114 197 38 118 33 120 31 108 51 162 242 
81 141 221 82 129 16 41 161 1 118 0 140 54 149 28 181 105 84 95 40 
104 42 120 11 234 9 145 72 227 14 95 236 130 239 175 236 164 85 80 130 
237 163 58 233 191 221 193 17 234 168 243 110 33 115 83 102 34 41 75 6 
194 199 228 148 60 127 208 8 78 148 63 1 158 242 76 134 26 123 32 115 
45 74 201 120 13 21 194 26 138 214 218 83 41 146 9 84 100 64 51 164 
45 93 219 96 244 159 210 156 69 135 90 33 4 176 5 193 61 139 65 110 
37 114 240 202 238 127 207 136 130 124 235 82 53 87 212 153 239 80 50 167 
54 18 197 213 56 16 123 200 75 51 213 147 48 121 29 119 30 22 174 241 
130 232 44 106 78 203 234 127 236 166 224 189 230 33 157 68 205 77 132 27 
119 32 68 197 25 131 64 147 227 154 222 187 105 12 119 183 107 233 230 150 
217 56 101 136 55 144 35 107 191 111 178 96 121 243 194 24 122 39 103 182 
27 129 85 212 141 222 189 220 208 162 45 120 7 124 196 229 170 10 121 28 
119 55 102 46 159 34 115 30 118 12 117 186 130 69 66 162 243 240 138 200 
235 5 124 210 135 78 219 49 109 233 129 92 173 8 96 39 20 173 86 40 
133 49 126 3 118 63 238 163 210 64 141 202 56 167 100 134 47 70 199 16 
126 29 130 71 204 68 236 44 51 227 120 26 121 9 211 83 138 232 127 95 
146 208 3 196 123 10 167 51 152 155 30 129 25 128 87 38 107 36 99 55 
126 237 81 177 82 139 64 133 12 176 21 198 117 203 197 110 32 18 170 52 
151 228 147 214 43 194 47 79 207 50 93 230 225 116 6 197 109 180 86 145 
37 158 80 74 68 136 91 154 212 65 123 77 203 81 221 192 230 75 2 167 
228 125 52 67 33 114 199 19 132 84 162 62 140 1 103 91 229 182 239 115 
186 30 216 197 118 92 125 194 117 28 134 16 187 18 70 202 40 119 208 6 
164 216 175 88 143 22 10 34 111 45 95 150 63 233 54 157 37 34 23 80 
144 70 118 14 122 194 44 191 13 170 16 83 161 49 40 199 149 202 52 164 
63 235 45 153 238 90 49 10 176 2 117 32 189 240 150 31 154 206 121 25 
138 27 180 23 106 36 23 182 89 207 147 223 120 37 105 49 167 236 153 54 
151 84 40 102 84 50 230 11 165 101 43 206 129 232 81 160 215 129 209 7 
143 55 64 136 15 196 17 134 95 23 122 47 155 222 186 20 192 217 208 129 
205 212 10 120 27 20 102 3 204 81 1 72 137 128 228 123 9 195 0 138 
243 169 244 156 50 198 71 203 219 56 163 236 126 235 85 88 162 46 83 243 
66 62 126 73 133 215 74 57 135 16 186 98 219 38 104 34 229 64 3 121 
203 148 13 231 224 100 9 102 241 189 107 190 241 71 141 66 154 225 71 227 
166 59 174 78 53 96 82 130 178 13 182 10 30 200 51 126 176 19 140 30 
116 221 69 113 30 109 241 176 20 80 7 130 211 129 26 128 66 21 87 173 
97 0 119 34 108 180 230 119 185 19 139 192 133 188 241 80 221 148 39 216 
46 41 124 1 61 237 205 44 103 8 145 225 79 145 69 226 118 36 97 237 
192 24 123 17 12 193 25 87 223 141 220 195 11 131 17 194 229 125 32 44 
4 68 223 142 40 78 241 154 208 197 221 166 10 164 12 175 85 234 125 9 
171 11 169 15 122 244 230 158 243 50 238 176 83 34 110 14 123 73 119 206 
80 43 96 133 72 4 71 131 242 138 189 20 139 69 2 5 181 14 124 201 
117 239 27 118 28 91 84 127 75 199 76 167 214 85 36 113 64 124 24 121 
15 129 10 213 129 33 39 110 206 145 200 127 231 74 53 116 33 121 90 144 
208 138 244 136 2 65 162 91 151 156 89 232 59 78 234 109 92 104 31 184 
92 178 129 29 231 63 10 207 218 170 243 132 25 135 47 88 130 46 137 66 
212 150 235 68 3 122 230 94 42 142 22 8 210 217 50 236 239 190 103 183 
105 36 146 210 89 208 152 22 195 117 29 114 24 21 11 27 130 20 174 12 
194 237 110 41 103 2 189 17 151 62 172 11 133 198 76 5 125 201 128 5 
167 61 226 164 58 100 95 53 86 211 50 126 207 75 236 209 75 244 173 228 
45 231 65 163 9 164 13 117 80 67 211 151 65 172 211 63 227 54 161 35 
16 124 137 26 22 136 215 127 58 130 84 145 75 212 8 207 85 218 88 38 
158 36 116 202 38 103 94 185 54 234 153 241 244 191 196 10 145 85 216 132 
16 133 74 3 49 155 241 192 104 33 91 236 125 128 43 223 60 170 88 210 
